BERTScore: 
 F1: 0.8923587881856494 
 Precision: 0.8960178229543898 
 Recall: 0.889106560498476 
