BERTScore: 
 F1: 0.5958786250816451 
 Precision: 0.5803360020120939 
 Recall: 0.6129025183618069 
