BERTScore: 
 F1: 0.831112520976199 
 Precision: 0.8069141709970103 
 Recall: 0.8572231609788206 
