BERTScore: 
 F1: 0.8571326575345464 
 Precision: 0.8446198337607913 
 Recall: 0.8702789151834117 
