BERTScore: 
 F1: 0.8294208053913381 
 Precision: 0.805696080542273 
 Recall: 0.8549644537270069 
