BERTScore: 
 F1: 0.8270866411427656 
 Precision: 0.8156409627861447 
 Recall: 0.839638475742605 
