BERTScore: 
 F1: 0.793985203322437 
 Precision: 0.7807549151281515 
 Recall: 0.8089983355667856 
