BERTScore: 
 F1: 0.8403020095494058 
 Precision: 0.8227987339099249 
 Recall: 0.8595571517944336 
