BERTScore: 
 F1: 0.8195178603960408 
 Precision: 0.8067653936644396 
 Recall: 0.8334542148643069 
