BERTScore: 
 F1: 0.8118406165805128 
 Precision: 0.7973241690132353 
 Recall: 0.827660046517849 
