BERTScore: 
 F1: 0.8352661165926192 
 Precision: 0.8120638860596551 
 Recall: 0.8608222144345442 
