BERTScore: 
 F1: 0.8387904605931706 
 Precision: 0.8111580204632547 
 Recall: 0.8696780552466711 
