BERTScore: 
 F1: 0.8794392930964628 
 Precision: 0.8669965730773078 
 Recall: 0.8934315724505318 
