BERTScore: 
 F1: 0.8094135171009434 
 Precision: 0.7743546238376035 
 Recall: 0.8487067139810986 
